0 1
0 2
0 3
0 4
0 5
0 6
0 7
0 8
0 9
0 10
0 11
0 12
0 13
0 14
0 15
0 16
0 17
0 18
0 19
0 20
0 21
0 22
0 23
0 24
0 25
0 26
0 27
0 28
0 29
0 30
0 31
0 32
0 33
1 2
1 3
1 4
1 6
1 10
1 18
1 34
1 35
1 36
1 37
1 38
1 39
1 40
1 41
1 42
1 43
1 44
1 45
1 46
1 47
1 48
1 49
1 50
1 51
1 52
1 53
1 54
1 55
1 56
1 57
1 58
1 59
2 3
2 5
2 7
2 11
2 19
2 34
2 35
2 38
2 45
2 60
2 61
2 62
2 63
2 64
2 65
2 66
2 67
2 68
2 69
2 70
2 71
2 72
2 73
2 74
2 75
2 76
2 77
2 78
2 79
2 80
2 81
3 4
3 5
3 8
3 9
3 12
3 13
3 20
3 21
3 34
3 36
3 37
3 39
3 40
3 46
3 47
3 60
3 61
3 62
3 63
3 68
3 69
3 82
3 83
3 84
3 85
3 86
3 87
3 88
3 89
3 90
3 91
3 92
3 93
3 94
3 95
3 96
3 97
3 98
3 99
3 100
3 101
3 102
3 103
3 104
3 105
4 6
4 8
4 14
4 15
4 22
4 23
4 36
4 41
4 42
4 48
4 49
4 82
4 83
4 88
4 89
4 106
4 107
4 108
4 109
4 110
4 111
5 7
5 9
5 16
5 17
5 24
5 25
5 60
5 64
5 65
5 70
5 71
5 84
5 85
5 90
5 91
5 112
5 113
5 114
5 115
5 116
5 117
6 41
6 10
6 107
6 14
6 52
6 53
6 26
6 27
6 106
7 64
7 11
7 16
7 74
7 75
7 112
7 113
7 28
7 29
8 12
8 108
8 109
8 15
8 82
8 30
8 31
8 94
8 95
9 32
9 97
9 33
9 96
9 13
9 17
9 114
9 115
9 84
10 18
10 52
10 26
11 74
11 19
11 28
12 20
12 30
12 94
13 96
13 32
13 21
14 106
14 22
14 27
15 108
15 23
15 31
16 112
16 24
16 29
17 33
17 114
17 25
34 35
34 37
34 43
34 44
34 50
34 51
34 61
34 66
34 67
34 72
34 73
34 86
34 87
34 92
34 93
34 118
34 119
34 120
34 121
34 122
34 123
35 54
35 38
35 43
35 76
35 66
35 77
35 118
35 55
35 119
36 98
36 39
36 42
36 83
36 110
36 111
36 99
36 56
36 57
37 100
37 101
37 40
37 44
37 86
37 120
37 121
37 58
37 59
38 76
38 45
38 54
39 98
39 46
39 56
40 100
40 47
40 58
41 107
41 48
41 53
42 110
42 49
42 57
43 50
43 118
43 55
44 51
44 120
44 59
60 65
60 102
60 103
60 78
60 79
60 116
60 85
60 62
60 117
61 67
61 104
61 105
61 80
61 81
61 87
61 122
61 123
61 63
62 68
62 102
62 78
63 69
63 104
63 80
64 70
64 75
64 113
65 71
65 79
65 116
66 72
66 77
66 119
67 73
67 81
67 122
82 109
82 88
82 95
83 111
83 99
83 89
84 97
84 115
84 90
85 103
85 117
85 91
86 121
86 92
86 101
87 105
87 123
87 93
