0 1
0 2
0 3
0 4
0 5
0 6
1 32
1 3
1 4
1 39
1 8
1 45
1 30
2 16
2 36
2 5
2 6
3 32
3 39
3 40
3 41
3 42
3 43
3 44
3 45
3 46
3 19
4 33
4 46
4 47
4 48
4 21
5 6
5 34
5 15
5 31
6 44
6 16
6 31
7 8
7 9
7 10
7 11
7 12
7 13
7 14
7 15
8 32
8 34
8 53
8 57
8 21
9 12
9 26
9 27
9 28
10 14
10 49
10 50
10 51
10 26
10 27
10 28
10 29
11 12
11 30
11 31
12 27
12 28
12 29
12 30
13 50
13 14
14 50
14 30
15 34
15 20
15 31
16 17
16 18
17 40
17 34
17 41
18 32
18 60
19 20
19 21
20 32
20 33
20 34
20 21
21 33
22 23
23 33
23 36
23 37
23 44
23 46
23 47
23 48
23 52
23 53
24 25
24 26
24 27
24 28
25 29
26 35
26 27
26 28
26 29
27 35
27 28
27 29
28 29
28 57
28 61
30 31
32 33
32 39
32 42
32 43
32 40
32 52
33 36
33 44
33 46
33 47
33 52
33 53
34 41
34 43
34 44
34 47
35 55
36 42
36 45
36 46
36 47
36 52
36 54
38 39
39 40
39 41
39 42
39 43
39 44
39 52
40 56
41 42
41 43
41 45
41 58
42 59
42 60
43 44
46 47
47 52
56 59
