0 1
0 2
0 3
0 4
0 6
0 7
0 9
0 11
0 15
0 16
0 18
0 20
0 24
0 26
0 30
0 34
0 42
0 43
0 45
0 47
0 51
0 53
0 57
0 61
0 69
0 71
0 75
0 79
0 87
0 91
0 99
0 107
1 2
1 3
1 5
1 6
1 8
1 10
1 13
1 15
1 17
1 19
1 22
1 25
1 28
1 32
1 38
1 42
1 44
1 46
1 49
1 52
1 55
1 59
1 65
1 70
1 73
1 77
1 83
1 89
1 95
1 103
1 115
2 4
2 5
2 7
2 8
2 12
2 14
2 16
2 17
2 21
2 23
2 27
2 29
2 36
2 40
2 43
2 44
2 48
2 50
2 54
2 56
2 63
2 67
2 72
2 74
2 81
2 85
2 93
2 97
2 111
2 119
3 101
3 33
3 9
3 10
3 76
3 45
3 46
3 18
3 19
3 78
3 105
3 58
3 60
3 31
4 64
4 35
4 37
4 48
4 11
4 12
4 109
4 47
4 80
4 113
4 82
4 20
4 21
4 62
5 68
5 22
5 39
5 41
5 66
5 14
5 13
5 49
5 50
5 84
5 117
5 86
5 23
5 121
6 24
6 51
6 52
6 88
6 25
6 90
7 53
7 54
7 26
7 27
7 92
7 94
8 96
8 98
8 55
8 56
8 28
8 29
9 100
9 102
9 57
9 58
9 30
9 31
10 32
10 33
10 104
10 106
10 59
10 60
11 34
11 35
11 108
11 110
11 61
11 62
12 64
12 36
12 37
12 112
12 114
12 63
13 66
13 38
13 39
13 116
13 118
13 65
14 67
14 68
14 40
14 41
14 120
14 122
15 69
15 70
16 72
16 71
17 74
17 73
18 75
18 76
19 77
19 78
20 80
20 79
21 81
21 82
22 83
22 84
23 86
23 85
24 88
24 87
25 90
25 89
26 91
26 92
27 93
27 94
28 96
28 95
29 97
29 98
30 99
30 100
31 101
31 102
32 104
32 103
33 105
33 106
34 107
34 108
35 109
35 110
36 112
36 111
37 114
37 113
38 115
38 116
39 117
39 118
40 120
40 119
41 121
41 122
