0 3
0 5
0 12
0 47
0 81
0 62
0 25
0 30
1 34
1 13
1 18
1 23
1 26
1 63
2 37
2 76
2 13
2 15
2 17
2 53
2 79
3 67
3 69
3 7
3 72
3 41
3 46
3 25
3 93
3 62
4 52
4 82
4 44
5 48
5 71
5 13
5 47
6 67
6 79
6 53
6 87
6 58
6 92
7 96
7 67
7 17
7 87
7 61
8 16
8 75
8 14
9 83
9 59
10 24
10 44
10 11
10 12
10 31
11 97
11 36
11 12
11 45
11 14
11 48
11 17
11 85
11 54
11 29
12 38
12 19
12 86
12 55
13 68
13 81
14 71
14 81
14 52
14 28
15 32
15 69
15 71
15 75
15 44
15 53
15 28
16 68
16 20
16 85
17 32
17 96
17 66
17 81
17 18
17 89
17 93
17 95
18 67
18 71
18 99
18 87
18 92
18 62
19 98
19 43
20 73
21 57
21 26
21 27
21 69
22 56
22 76
22 69
22 62
22 63
23 59
23 97
23 78
23 46
23 27
23 31
24 64
24 79
25 92
25 44
26 68
27 44
27 78
27 82
27 51
27 52
27 89
27 30
28 96
28 99
28 79
28 48
28 82
29 97
29 66
29 35
29 68
29 69
29 44
29 86
29 30
30 64
30 76
30 46
30 81
30 89
31 67
31 44
31 35
31 42
32 98
32 79
32 82
32 52
33 60
33 52
33 53
33 89
34 40
34 95
34 45
34 85
35 66
35 43
35 46
35 89
35 91
36 52
37 67
37 66
37 80
37 87
37 59
38 41
38 99
38 54
39 73
39 92
39 62
39 54
40 88
40 59
40 84
41 73
41 60
41 62
42 94
43 78
44 59
44 48
44 99
45 96
45 97
45 87
45 61
46 66
46 68
46 77
46 49
46 94
47 64
48 99
48 92
48 84
48 91
48 63
49 82
49 75
50 82
50 67
50 76
50 79
51 99
51 70
51 72
51 81
51 85
51 54
51 95
52 65
52 74
52 71
52 77
52 86
52 55
53 98
53 92
53 94
54 98
54 57
54 89
55 78
55 90
55 59
55 61
56 89
56 95
56 67
56 79
57 62
57 70
58 72
58 97
58 87
60 99
60 97
60 74
60 84
60 94
62 77
63 75
63 64
64 66
64 77
64 90
64 93
65 80
66 96
66 88
67 75
67 83
67 94
69 70
69 82
71 83
71 95
72 88
72 95
73 98
73 77
73 92
75 93
76 84
77 78
77 89
78 98
78 89
79 81
79 98
80 98
80 83
81 91
84 99
84 93
84 95
86 87
88 98
