0 33
0 3
0 4
0 5
0 35
0 13
0 17
0 18
0 19
0 22
0 26
0 70
0 95
1 3
1 6
1 8
1 9
1 12
1 45
1 14
1 48
1 17
1 82
1 53
1 27
1 60
1 29
2 97
2 3
2 4
2 69
2 6
2 7
2 60
2 10
2 39
2 14
2 79
2 80
2 43
2 50
2 21
2 91
2 28
2 29
3 67
3 4
3 5
3 6
3 7
3 8
3 42
3 11
3 34
3 15
3 91
3 66
3 47
3 28
3 69
3 37
4 32
4 68
4 5
4 7
4 41
4 12
4 15
4 35
4 89
4 59
4 92
4 93
4 95
5 33
5 39
5 76
5 49
5 18
5 23
5 25
5 92
5 93
5 62
6 86
6 40
6 44
6 11
6 12
6 13
6 15
6 17
6 52
6 21
6 54
6 85
6 31
7 71
7 8
7 9
7 10
7 13
7 55
7 24
7 30
7 31
8 34
8 51
8 9
8 10
8 11
8 87
8 18
8 19
8 20
8 22
8 23
8 71
8 30
9 73
9 75
9 45
9 46
9 16
9 50
9 19
9 22
9 87
9 26
9 27
10 64
10 78
10 47
10 16
10 25
10 63
11 70
11 42
11 79
11 87
11 25
12 36
12 44
12 20
12 21
13 96
13 14
13 81
13 84
13 23
13 24
13 59
14 71
14 81
14 52
14 94
14 31
15 39
15 41
15 16
15 51
15 28
16 54
17 32
17 24
17 58
17 62
18 34
18 72
18 20
19 33
19 66
19 38
19 26
19 90
20 98
20 67
20 36
20 45
20 93
20 40
20 83
20 54
20 61
20 30
22 35
22 68
22 38
22 44
22 50
24 80
24 42
25 65
25 73
25 46
25 49
25 78
25 55
25 56
25 27
25 94
25 69
26 64
26 48
26 85
26 89
26 29
27 46
27 82
27 51
27 63
28 65
28 98
29 32
29 99
29 74
29 43
29 77
29 79
29 49
29 52
29 56
29 88
30 41
30 65
31 37
31 38
31 72
31 60
32 72
32 43
32 55
32 88
33 36
33 77
33 37
34 97
34 81
34 40
35 77
35 83
35 59
35 61
35 63
37 91
38 58
39 98
39 74
40 53
41 70
41 84
41 86
41 57
42 67
42 56
42 57
43 90
44 97
44 61
45 75
45 47
45 62
46 88
46 83
47 48
48 82
48 53
51 73
51 76
51 57
53 64
53 99
53 78
53 86
53 58
62 68
63 66
64 74
66 76
71 75
71 84
72 85
75 96
75 80
75 92
75 95
81 89
82 99
88 96
88 94
89 90
