0 1
0 2
1 2
1 3
1 4
2 4
2 5
3 4
3 6
3 7
4 5
5 8
5 9
6 10
6 13
6 7
7 13
7 14
8 16
8 9
8 15
9 14
9 15
10 11
10 12
10 13
11 12
11 26
11 29
12 34
12 29
13 14
14 15
15 16
16 17
16 18
17 18
17 43
17 45
18 43
18 40
19 20
19 21
19 22
19 23
20 24
20 25
20 21
21 25
21 26
22 82
22 83
22 23
23 81
23 82
24 25
24 27
24 28
25 26
26 29
27 32
27 34
27 28
28 32
28 30
29 34
30 32
30 33
30 31
31 33
31 44
31 45
32 34
33 42
33 44
35 36
35 37
35 38
35 39
36 106
36 107
36 37
37 107
37 108
38 40
38 41
38 39
39 41
39 42
40 41
40 43
41 42
42 44
43 45
44 45
46 48
46 47
47 48
47 49
47 50
48 50
48 51
49 50
49 52
49 53
50 51
51 54
51 55
52 56
52 53
52 57
53 57
53 60
54 60
54 61
54 55
55 61
55 62
56 57
56 58
56 59
57 60
58 72
58 75
58 59
59 80
59 75
60 61
61 62
62 64
62 63
63 64
63 84
63 86
64 81
64 84
65 66
65 67
65 68
65 69
66 117
66 69
66 119
67 68
67 70
67 71
68 72
68 71
69 117
69 118
70 73
70 74
70 71
71 72
72 75
73 74
73 76
73 77
74 80
74 77
75 80
76 77
76 78
76 79
77 80
78 83
78 85
78 79
79 85
79 86
81 82
81 84
82 83
83 85
84 86
85 86
87 88
87 89
88 89
88 90
88 91
89 91
89 92
90 91
90 93
90 94
91 92
92 96
92 95
93 97
93 98
93 94
94 101
94 98
95 96
95 101
95 102
96 102
96 103
97 98
97 99
97 100
98 101
99 100
99 108
99 111
100 116
100 111
101 102
102 103
103 104
103 105
104 120
104 105
104 122
105 120
105 118
106 107
106 109
106 110
107 108
108 111
109 112
109 113
109 110
110 113
110 116
111 116
112 113
112 114
112 115
113 116
114 121
114 115
114 119
115 121
115 122
117 118
117 119
118 120
119 121
120 122
121 122
