0 1
0 3
0 97
0 74
0 98
1 2
1 99
1 4
1 98
1 46
1 3
2 3
2 4
2 5
2 99
3 4
3 6
3 87
4 5
4 6
4 7
4 81
5 96
5 6
5 7
5 8
6 8
6 9
6 90
7 9
7 10
7 63
8 9
8 10
8 11
8 48
8 18
8 24
9 10
9 11
9 12
9 55
9 57
10 11
10 12
10 13
11 12
11 14
11 52
11 26
12 13
12 14
12 15
13 14
13 15
13 74
14 15
14 16
14 17
14 79
15 45
15 17
15 18
15 61
16 41
16 19
16 88
17 40
17 18
17 19
17 20
18 19
18 20
19 20
19 21
19 22
20 21
20 22
20 23
20 93
21 53
21 22
21 23
21 24
22 23
22 24
22 25
23 46
23 24
23 25
23 26
24 43
24 90
24 27
25 27
25 28
25 62
26 27
26 29
27 74
27 28
27 90
28 73
28 29
28 30
28 31
29 32
29 45
29 30
29 31
30 48
30 81
30 31
31 32
31 33
31 34
31 82
32 33
32 34
32 35
33 96
33 34
33 35
33 36
34 35
34 36
34 37
35 36
35 37
35 38
36 37
36 38
36 39
36 86
37 38
37 39
37 40
38 39
38 40
38 41
39 40
39 41
39 42
40 41
40 43
41 99
41 42
41 43
41 44
42 43
42 44
42 45
43 44
43 46
44 69
44 47
44 78
45 68
45 47
45 48
46 64
47 48
47 49
47 50
48 76
48 49
48 51
49 80
49 50
49 52
50 52
50 61
50 63
51 52
51 53
51 54
52 53
52 54
52 55
53 66
53 80
53 55
53 92
54 55
54 56
54 57
55 76
55 57
55 58
56 57
56 58
56 59
57 58
57 59
58 59
58 60
58 61
59 60
59 61
59 62
60 61
60 62
60 63
61 64
61 75
61 63
62 64
62 65
62 81
63 64
63 65
63 66
63 72
64 65
64 66
64 67
65 66
65 67
65 68
66 68
66 80
67 68
67 69
67 70
68 69
68 70
69 70
69 71
69 72
69 87
70 71
70 72
70 73
71 72
71 73
71 95
72 74
72 75
73 74
73 75
74 75
74 76
74 87
75 76
75 78
76 78
76 92
77 78
77 79
77 80
78 79
78 80
78 81
79 80
79 81
79 82
80 81
80 82
81 83
81 84
82 84
82 85
83 84
83 85
83 86
84 86
84 87
84 88
85 86
85 87
85 88
86 87
86 89
87 88
87 90
88 89
88 91
89 90
89 91
89 92
90 91
90 92
90 93
91 92
91 93
91 94
92 94
92 95
93 96
93 95
94 96
94 97
94 95
95 96
95 97
95 98
96 98
97 98
97 99
98 99
